1041
1039
942
901
972
1079
982
1042
1032
1057
1085
1086
957
976
962
922
984
1036
982
936
988
932
947
1028
1009
1044
938
888
915
831
777
834
812
764
769
778
761
730
727
723
729
729
698
706
692
672
676
671
664
645
657
662
680
689
712
687
695
711
686
684
690
687
661
646
666
641
657
716
721
771
787
802
819
794
840
795
724
722
742
1054
970
915
867
836
807
841
797
835
896
929
915
833
798
794
785
756
722
700
728
717
702
692
716
857
1020
1063
1036
996
1108
1146
1116
939
1077
934
970
1006
909
896
886
849
868
898
828
888
975
971
1045
1021
1045
1084
987
1123
1149
1028
1131
1123
1064
1115
1047
1172
1013
1109
1030
1053
1095
966
1063
1179
1051
1161
1139
1053
1186
1158
1072
1149
1076
1110
1073
1020
1093
956
1033
924
1016
1104
1038
1089
1013
1076
997
1133
1146
1042
1095
1059
1066
1080
1018
1125
1029
1124
1050
1136
1114
1085
1078
1032
1055
996
1070
981
1066
1029
1064
1020
1048
1029
1024
1045
992
1054
961
1043
989
1030
993
1011
1030
955
990
1033
1026
1061
964
1094
1049
1035
1029
997
1053
975
1023
974
940
993
920
903
866
916
896
1023
1034
958
1017
1015
978
1146
1084
1027
1135
1076
1090
1101
1055
1099
1007
1168
1046
1100
1084
1009
1050
965
1087
1049
1107
1144
1036
1100
1001
1057
1054
1070
1141
1053
1085
1020
1117
1075
1072
1097
1065
1103
1004
1064
1088
1037
1067
1020
1071
1021
1043
1055
1014
1072
946
1012
1015
999
1094
989
1075
1032
999
1021
960
1007
961
899
935
922
911
1021
1068
1030
1067
1021
1062
1068
968
978
944
1056
1122
1075
1102
986
1061
974
1039
1062
1004
1077
991
1054
967
992
1045
959
1066
1096
1063
923
910
987
1120
1136
1021
1082
1125
1120
1017
979
984
905
918
860
909
999
920
967
899
872
951
1018
1063
958
1045
1122
1071
1036
1070
1102
1039
1071
1069
1005
1038
1062
1011
1080
1042
973
1032
1016
927
1005
1049
948
999
1012
893
882
945
1024
974
1071
1053
973
1012
991
1007
1043
1003
1067
1046
1001
1056
1061
982
1038
1074
994
1039
1036
961
1079
1053
1063
1145
1104
1005
1013
992
922
987
1009
986
1052
975
1039
1047
973
1000
943
976
1033
939
1037
986
963
984
919
979
962
1030
1063
977
1044
981
988
1006
936
1023
1036
994
1029
1012
1018
1051
990
999
978
1010
1074
1080
979
906
870
909
918
879
895
896
852
894
962
890
980
994
926
973
1033
997
899
1026
1118
1057
1025
1071
1091
1111
1092
1058
908
972
1144
1137
1073
1138
1092
1035
1088
1111
1030
1108
1112
1032
1053
1027
1000
1063
1095
1021
1093
1091
986
1031
1081
978
1055
1038
1045
952
1053
1074
1008
1019
1024
956
938
951
896
876
856
825
852
884
915
872
850
844
847
820
860
874
880
843
893
942
821
862
842
830
870
958
961
890
849
772
737
787
736
744
750
741
750
811
888
957
983
993
1005
1024
1006
975
998
1062
1054
930
896
837
801
802
803
879
943
880
877
950
1002
995
987
914
946
972
955
983
1024
1034
1001
1050
1034
955
1026
1070
907
1030
1027
999
1093
1083
934
1000
1031
970
1048
1066
1063
1055
1044
1051
1015
1041
981
963
1018
1051
1068
1080
1102
1057
1055
1028
958
1012
1092
1063
1053
1026
960
986
1038
1043
1047
1031
979
955
964
903
957
976
990
1132
1077
1030
1085
974
975
988
890
984
1026
923
950
871
914
1030
979
929
898
992
1019
944
1038
1025
993
1040
958
1041
1059
938
1012
1007
1022
1044
965
1008
997
934
940
877
971
1038
978
1042
1049
977
1014
960
939
1037
1076
1010
988
1005
923
963
981
940
1006
1014
938
988
986
868
904
860
921
938
888
982
1001
954
967
880
959
978
896
938
969
940
899
935
852
867
957
1064
1004
1048
1060
953
1018
964
854
813
785
771
788
870
906
933
983
1002
903
936
972
919
990
986
949
1035
1036
945
890
911
886
893
938
899
903
878
881
945
879
995
1002
933
1000
911
982
996
896
1001
1040
1063
1082
1036
1055
986
1045
971
1040
1016
1039
1066
1033
947
1000
956
843
832
821
789
825
868
795
799
804
775
804
825
827
793
802
818
854
844
824
847
868
866
878
918
881
996
1022
979
943
959
925
929
957
913
992
906
854
826
824
880
793
783
879
1112
1120
1009
943
972
991
925
933
1019
1067
951
978
920
1025
1013
973
1047
988
998
1006
979
1040
1022
947
1012
1006
951
996
991
960
972
909
981
941
933
934
881
955
1030
952
999
970
936
948
891
951
935
920
966
924
977
904
911
945
878
907
949
916
1002
955
964
983
885
943
957
896
987
1014
928
994
936
901
1005
992
964
986
962
983
968
901
965
989
985
1016
925
950
945
933
941
905
965
888
825
808
808
781
768
770
753
795
828
780
868
892
861
841
820
778
836
875
828
897
966
936
971
928
935
939
860
930
991
908
888
903
892
883
914
923
889
926
956
944
1014
1054
1030
1101
1067
1074
1112
1051
1079
1086
1059
1088
982
1064
1058
1031
1074
1000
1048
983